N0v1 ALGORITHML σς
ῑι ᾳ 1 p l 9 p

 

 

 

 

 

 

 

 

 

36 2 15 78 6 53 -
57 20 151 79 9 80
53 2574} 19603 80 1 9
59 69⁴ 530 ᾗ 18 1⁶3
60 4¹ 3¹ 83 9 82
61 226153980 1766319049 84 6 55
62 εχ 63, 35 30906 285769
§5-53 1¹ 8 36 1122 10405
65 16 129 87 3 128
66 8 65 88 21 ¹97
67 5967 48842 89 53000 500901
68 4 33 90 2 ¹9
69 936 7775 91 165 1574
70 30 251 92 120 1151
71 413 3480 93 1260 12151
72 2 17 94 221064 ²¹43295
v, 73 267000 2281249 95 4 39
75 3 26 97 6377352 62809633
76 66:30> 57799 98 10 99
77 40 35Ι 99 1, 10

m—

Exemp'la dedique quaedam numerorum maiorum
pro l affumtorum adiungam:

fi erit
1:103 {pff-„²²7⁵”
q- 22419

Tom. XI. Nou. Comm. 1 l: 1 09

